198 264
197 140 9001 9004
92 168 5443 5529
144 68 5436 5449
65 187 5439 5520
85 154 5486 5492
142 35 9003 9013
126 26 5441 5505
114 44 5485 5546
94 131 5439 5503
104 166 9000 9015
194 126 5447 5507
97 104 9003 9007
21 97 9001 9014
79 135 5444 5486
64 169 9001 9004
21 125 5438 5467
1 50 9001 9009
54 176 5465 5512
59 159 5449 5477
171 193 5470 5542
113 21 9000 9009
118 123 5433 5496
50 105 5451 5518
137 34 5458 5509
158 109 5464 5518
162 30 5454 5493
145 165 5487 5511
72 42 5472 5498
93 180 5436 5465
41 189 9002 9007
24 39 9000 9009
108 103 5437 5455
88 108 5440 5467
85 43 9001 9005
31 191 5450 5539
112 36 5435 5466
182 120 5458 5500
19 146 9003 9008
102 17 5451 5528
62 181 5434 5465
115 171 5469 5520
90 59 5448 5488
51 99 5455 5516
84 7 9003 9008
192 190 5440 5502
40 66 5434 5507
70 38 5438 5541
71 100 5488 5525
142 182 5433 5539
120 142 5474 5487
163 84 5443 5515
107 94 5445 5467
49 157 5442 5503
43 185 9003 9013
164 163 5450 5511
34 7 5458 5516
140 143 9000 9005
2 46 5452 5454
148 3 9001 9010
14 5 5448 5516
136 18 5442 5464
98 91 5443 5487
176 185 5466 5519
44 23 9001 9006
191 150 5441 5528
148 11 5434 5489
181 160 9001 9006
42 158 9002 9007
9 104 5434 5448
101 184 5448 5522
168 23 5472 5530
181 129 5437 5467
175 153 5459 5502
143 118 5480 5533
37 85 5457 5498
189 142 9001 9004
160 76 5433 5444
58 14 5473 5520
124 10 5434 5487
178 22 5459 5500
169 40 9001 9015
15 191 9000 9011
16 146 5469 5546
44 57 5449 5491
152 178 5433 5494
13 140 5457 5513
20 26 9001 9012
178 33 9000 9012
86 41 5442 5522
15 188 5443 5494
60 177 5435 5545
153 169 5445 5503
195 166 5442 5464
133 183 5458 5497
12 156 9001 9012
115 15 9002 9013
113 124 5435 5497
26 111 9001 9004
155 110 5458 5466
161 32 5437 5503
122 151 5460 5535
39 77 9003 9009
187 35 5474 5493
191 102 9000 9015
94 18 9003 9014
96 158 5464 5543
3 48 5433 5469
103 88 5435 5498
61 15 5463 5493
134 12 9001 9007
50 91 9000 9008
197 162 5452 5484
30 197 5458 5548
119 21 5441 5463
184 25 5446 5516
33 94 9003 9006
166 144 9002 9012
156 59 9003 9008
104 128 5436 5508
55 16 5476 5560
29 97 5443 5444
183 39 5453 5499
130 106 5448 5485
111 117 5450 5508
174 56 5478 5528
91 28 5447 5494
97 47 5433 5456
46 12 5434 5455
26 194 5447 5486
146 55 5498 5563
141 63 5433 5460
57 114 5442 5551
73 160 5435 5474
159 90 5444 5506
78 6 5468 5511
170 79 5433 5489
116 141 5434 5482
82 145 5480 5511
141 148 9003 9013
186 141 9002 9011
59 101 9003 9015
22 152 5460 5519
103 113 9000 9013
84 164 5448 5519
157 20 5440 5485
177 43 5447 5502
5 58 5474 5502
172 147 5453 5511
40 41 9003 9013
25 101 5438 5501
7 137 5453 5496
165 82 5439 5550
188 61 5442 5509
158 82 9003 9013
105 139 5445 5503
39 133 5482 5507
20 49 5435 5476
63 116 5433 5453
23 92 5467 5545
77 19 9001 9006
24 174 5460 5552
41 87 5465 5507
132 144 5439 5464
128 9 5443 5499
45 130 5440 5479
69 72 5444 5516
68 132 5439 5448
32 149 5441 5457
143 44 9001 9013
140 75 5437 5523
185 54 5472 5522
101 84 9002 9014
18 172 9000 9009
17 52 5477 5486
127 81 5441 5514
7 135 9000 9015
129 62 5436 5448
67 111 5437 5498
8 93 5439 5461
99 189 5474 5483
144 8 9001 9005
169 175 5458 5536
149 134 9000 9007
193 115 5462 5479
56 24 5473 5503
173 186 5433 5474
18 121 5454 5497
23 85 9001 9009
172 1 9003 9008
196 134 5446 5474
147 27 5444 5488
134 179 5449 5507
139 50 5437 5526
83 167 5465 5501
87 86 5440 5485
123 143 5448 5516
130 20 9003 9008
89 3 5434 5439
80 195 5443 5498
36 4 5433 5496
180 8 5434 5469
117 67 5450 5485
48 89 5435 5477
8 130 9002 9005
186 53 5433 5478
156 127 5445 5463
160 112 9003 9008
111 149 9002 9013
135 170 5447 5465
151 64 5458 5498
149 161 5434 5452
77 83 5459 5499
82 24 9002 9008
150 31 5451 5513
4 112 5434 5456
146 186 9001 9011
91 6 9003 9009
6 64 9000 9012
10 113 5441 5490
42 69 5463 5515
27 172 5433 5509
47 29 5439 5465
28 98 5463 5508
52 102 5460 5543
1 192 5451 5492
38 198 5442 5535
121 136 5435 5513
100 19 5462 5541
3 181 9001 9009
33 155 5434 5463
106 45 5437 5453
35 115 9000 9007
110 33 5450 5525
64 122 5466 5534
11 138 5435 5466
198 70 5440 5487
14 198 9002 9012
43 60 5488 5508
95 40 5461 5499
81 156 5442 5493
189 51 5433 5504
166 80 5433 5471
75 13 5447 5513
185 42 9003 9011
125 119 5441 5493
179 196 5450 5475
131 107 5463 5500
138 148 5435 5472
112 103 9002 9012
198 197 9002 9015
66 95 5436 5474
190 1 5449 5466
53 173 5433 5458
135 178 9002 9012
19 71 5489 5503
74 78 5439 5469
154 37 5454 5540
102 14 9003 9014
109 96 5459 5556
6 74 5446 5516
167 77 5442 5497
12 2 5449 5486
35 65 5443 5515
76 73 5436 5474